9
-767
480
461
-780
-222
-491
591
-823
-341
-23
141
8
743
315
-420
-177
228
85
200
276
762
-598
556
-398
158
-892
-370
966
105
580
534
-699
186
-22
326
373
-648
344
-173
519
-860
708
370
173
298
-779
-604
-347
-255
783
54
869
240
720
-94
36
-563
64
-952
-527
866
-683
-251
-225
-919
203
-162
-420
108
-98
217
-798
76
-945
926
678
260
-102
-59
-498
-136
925
550
962
-795
108
-899
649
-270
153
342
-40
-356
-569
55
440
-388
284
-375
536
605
-814
-972
-679
20
899
492
478
-798
440
-342
730
732
356
8
626
398
701
825
-710
-321
346
238
-911
-6
721
-461
-255
458
198
142
903
820
-227
732
-970
523
534
658
-595
462
-848
-694
808
43
-173
-556
990
-173
-434
790
-939
368
-24
-393
-491
-924
407
788
-841
-83
120
-532
-65
-946
-959
57
508
-84
-91
819
695
-802
957
-954
-38
-304
563
-641
139
963
-82
-61
-767
916
-59
-683
-892
883
331
-30
999
-598
-308
-614
-269
47
-298
-349
950
934
-842
410
849
597
0
-550
-199
317
361
-246
462
395
124
116
107
982
-633
653
-196
-433
193
-296
477
-53
808
-81
-621
804
498
895
-149
62
453
-900
897
215
-537
-343
971
417
-160
741
867
-152
897
949
701
694
812
658
-338
497
-597
522
-189
-625
344
-382
159
439
-763
-771
-629
-905
-776
497
881
-352
90
966
986
-134
101
603
779
-385
-449
530
960
689
476
410
82
-38
61
-405
507
-351
-32
-675
-549
-179
606
-966
694
92
-845
31
-154
728
-894
-476
517
132
-291
959
-27
163
-814
698
697
-651
-202
250
-857
-477
-973
-89
-342
703
606
142
64
23
-362
616
-18
189
102
990
393
-207
458
18
504
302
380
-556
-514
322
-213
-461
775
733
473
-680
-366
526
-577
-644
-66
507
-714
589
-272
762
737
-735
298
757
167
555
438
-141
-134
-574
991
812
-831
-316
-503
-63
-832
69
527
-845
-268
554
-924
-314
489
-476
-786
231
367
-491
993
-113
-55
-52
-442
-294
-902
-596
699
-80
-565
-904
612
235
-929
12
-1
323
125
183
-995
281
371
900
253
795
-355
-624
-640
-147
-744
652
594
928
-670
-995
-494
73
490
-33
-152
-840
488
309
260
-456
607
353
-143
-882
-872
-154
369
344
-809
401
-245
389
556
282
767
-225
273
-496
165
-995
575
127
-419
-65
-439
-305
316
534
761
-114
-771
972
582
839
963
497
-291
-402
-979
-64
8
-572
-911
-480
-100
-222
301
912
431
646
-46
4
785
-721
753
271
-547
525
-262
-698
-342
374
400
274
-884
-241
-136
-945
-509
-485
-918
-293
-418
-721
550
-451
740
-143
-665
189
863
-184
829
-401
518
-196
-938
-584
-262
-457
769
661
977
-589
-782
-174
908
912
960
-746
710
-85
526
-409
519
200
-594
625
-723
-236
-109
538
-402
-518
-414
304
607
941
199
-837
30
-800
360
662
-250
-968
863
26
84
467
-711
-815
324
137
-833
-618
-292
448
-666
-274
659
-817
724
115
19
-182
300
463
583
990
544
362
-845
11
-12
-365
-144
962
640
579
735
531
604
-540
-475
90
-687
-28
-368
-598
-683
-132
-195
290
-283
-955
942
-420
-43
530
878
732
146
636
937
149
395
607
-369
-866
-959
-929
445
-677
-731
657
-287
467
-618
246
-324
-49
269
-764
614
-650
-553
532
964
-551
-391
243
-65
463
611
-954
189
-590
-959
910
981
-232
398
-222
-556
-985
-765
873
599
-694
543
505
236
-861
-435
334
-92
-975
576
504
-101
617
-449
865
-222
873
745
-99
-185
-646
-627
-82
801
252
-363
-695
325
972
-988
938
512
98
890
251
-463
-719
443
-887
822
-143
766
808
-585
283
594
190
-822
-208
138
750
559
-797
817
981
-956
-398
-229
-71
263
484
-579
-734
-583
-755
395
-339
741
55
-548
473
-801
-995
-727
384
263
211
-747
-353
-168
-729
182
333
488
-887
-282
833
-848
337
372
-180
-645
758
326
73
403
363
573
747
719
626
-216
-708
703
-950
663
76
176
490
841
208
630
986
909
-722
-633
168
-727
-618
-622
-496
242
-251
28
956
-810
-13
559
609
-35
-954
-424
-105
982
832
-1000
-250
711
-934
-102
-830
-219
333
-822
335
239
-844
-261
-310
-275
-558
934
-481
-76
-375
-213
905
635
-613
296
-695
-498
388
-875
-365
-730
368
-947
526
385
299
-194
582
-52
-766
-887
311
817
835
-452
237
-311
-296
561
28
551
613
736
377
-453
-17
440
-441
96
872
-947
451
-618
-265
-559
-235
-240
-284
-844
41
-238
875
-145
-209
380
360
-581
845
-433
734
579
-123
727
492
-962
-352
-508
322
-234
-89
-307
-109
727
-138
-326
-276
-728
263
421
953
864
512
-340
-986
498
-15
659
454
348
18
291
-79
269
-770
54
432
507
-606
-483
893
544
178
-342
548
-130
-438
-215
-988
182
885
-102
914
-466
-139
759
291
-850
999
-783
751
-95
864
753
-226
-987
898
651
337
-372
391
-574
515
321
132
-19
338
-833
-41
529
675
942
700
-612
-448
-952
913
-301
-752
-559
322
-201
-725
-584
-492
-561
-486
-465
553
669
273
-325
-142
-396
522
-398
136
334
-137
595
723
-442
-930
-518
-853
-650
-914
747
591
20
-364
81
701
-253
327
-140
721
305
670
558
-836
-92
28
-866
-36
-114
955
-851
716
676
-841
100
411
-233
-756
-977
814
135
492
-122
-420
957
499
-811
884
-643
571
603
-570
-875
-795
120
-776
725
290
567
-253
-684
562
-807
994
280
603
-423
-215
542
77
-173
326
626
314
-25
-609
798
-44
-338
-258
-227
-925
-223
905
428
-232
920
-801
-833
-596
174
224
-678
-558
-855
933
216
315
787
-867
-721
-99
-53
-497
-579
916
-416
-527
-180
-346
-439
167
-1
874
-275
610
535
279
-817
-389
-249
-430
-41
820
726
140
846
594
-278
-583
-981
767
-520
-314
-145
-135
-915
838
749
418
-180
945
302
487
759
-236
100
-160
156
851
-268
-87
-805
368
315
-765
724
-238
-979
-191
-186
983
-289
-272
-67
-316
-823
-16
-533
-761
162
215
326
537
-568
257
-329
47
832
-429
-732
-56
649
-40
130
764
-14
-709
775
429
-964
629
769
-909
339
612
636
719
-351
686
-534
908
958
-149
-311
924
-956
-571
478
408
606
782
522
846
48
-787
-731
-379
-433
118
933
818
924
725
-804
-756
-808
-100
-953
-484
-414
731
587
220
238
774
-872
-924
889
988
-159
-200
273
438
716
457
-585
-156
573
466
-522
299
141
-232
590
-185
-0
637
-53
-402
-928
745
-54
-999
931
422
637
633
642
294
424
-355
708
137
145
-852
-325
192
734
-397
98
-319
811
-623
-771
-434
-689
893
-967
-232
-166
-248
936
237
-955
-254
857
660
338
-761
-173
918
-30
659
-800
264
-427
264
-240
-952
504
-447
580
-209
57
472
470
-228
857
-699
-677
-587
-936
-178
473
806
278
-13
173
-655
274
46
57
-466
-416
-874
-280
123
-535
-565
-231
-107
345
-350
-756
927
-143
594
992
-205
-65
-375
910
776
699
662
-58
-70
738
-575
448
294
-774
785
-869
-688
169
884
-765
203
-243
508
-783
293
-314
984
-303
570
-65
-511
-488
430
-88
-884
866
-271
-469
-634
422
-176
603
-105
716
-203
65
332
-32
619
694
567
484
-600
-22
461
-717
-985
-344
-874
890
-923
516
-311
-154
-177
822
-28
-726
162
-943
79
-719
-68
106
-151
298
-478
-643
-348
444
-980
275
749
96
-664
-501
-489
-532
-596
310
761
-193
-558
-826
-431
380
352
-571
-726
118
-637
-867
372
256
-37
593
762
-606
-981
391
801
-171
458
-293
387
-92
-935
658
48
-316
120
913
-57
-359
-485
698
-251
305
-866
180
46
-155
-472
551
78
-227
-708
-798
-457
942
122
-346
-51
710
277
681
496
-50
-865
741
244
-240
113
22
727
311
275
-37
735
-160
-992
991
-195
-429
-140
-839
-189
-1
218
-683
-942
842
-649
154
-43
144
437
743
-435
-524
-837
-435
-511
498
748
952
-216
918
-569
290
106
-71
-989
123
-746
-970
-144
-59
929
-97
258
-927
-10
460
-774
848
723
-680
-410
49
-695
-332
974
234
-321
83
-199
-626
680
-870
-684
730
-64
-160
-332
366
-343
944
-40
-494
-575
37
-908
-846
-503
-485
-203
-430
739
-198
232
-189
12
-520
754
492
689
-224
632
259
-654
-942
60
306
344
-186
895
490
-739
-349
-872
-363
-887
930
906
872
298
836
203
-713
-983
-888
447
176
113
199
-658
-24
-1000
77
412
-827
-274
-221
-908
-202
333
805
-190
934
-528
935
-57
946
-704
-332
523
924
-812
-883
-465
-50
480
-458
119
-678
-847
151
-555
-750
-903
-282
825
104
145
643
235
433
734
355
57
-59
866
725
-472
-696
486
672
668
-104
784
-641
677
127
-209
-961
-808
516
-393
966
576
88
84
-172
396
26
170
299
-293
-706
791
-18
-466
-531
-135
-650
-971
-204
-347
544
-157
278
-766
-484
-541
219
-193
-250
67
7
-611
-77
815
-894
-230
-978
-797
933
825
-325
503
393
100
380
841
-539
-646
736
-270
202
-473
950
493
925
740
787
597
-743
435
-82
-171
-985
-734
746
-333
839
919
686
-694
-950
-507
-918
233
-585
-393
801
-979
184
706
-234
896
502
769
445
243
-752
154
669
83
771
348
-720
-989
-522
200
-326
543
-925
70
417
-437
-667
465
439
-835
-485
-941
229
-530
286
621
676
936
301
162
-351
893
-27
457
449
-728
-932
-26
-824
-110
-833
217
494
108
139
-532
55
327
296
-31
764
775
680
302
110
-544
-671
571
490
-478
164
-356
-364
181
-773
-51
-710
-63
144
-574
888
-63
-248
991
511
850
886
-586
141
-388
320
-321
-463
658
85
112
343
186
886
-412
358
-913
19
1
861
669
-863
510
-67
-586
-934
-755
596
235
784
44
-742
271
-808
-537
517
238
860
957
-810
652
496
999
214
-605
102
-692
327
962
827
-628
-527
878
217
816
-711
20
202
680
325
-748
897
-285
-996
917
964
779
47
-171
724
43
-769
744
485
-358
-194
456
134
-628
-845
243
-675
-964
437
571
683
16
207
-69
955
-867
-603
824
440
-579
870
-711
683
-669
-520
665
818
225
914
-92
-426
-654
-704
925
496
-718
-61
-917
-300
-392
146
366
444
-968
-391
-730
-611
466
460
997
852
-93
-894
323
-307
141
-311
343
-267
-875
-531
-824
153
-158
-645
443
241
-410
678
234
-515
-91
188
-480
552
-816
-663
-26
125
-314
673
802
534
-109
-380
263
-215
500
-161
734
406
-819
572
-321
512
-273
-409
-743
415
-222
-477
185
475
319
292
-942
875
-219
818
-631
-845
394
199
483
12
558
-414
240
139
749
598
371
154
155
-148
-624
-777
-129
735
985
74
-930
-819
-974
725
554
-205
353
93
733
-65
204
-979
595
-598
442
3
-234
-214
785
-345
-373
-877
-553
727
174
278
-85
-854
710
839
451
-270
-102
549
483
627
-9
-909
805
-585
955
-384
-574
50
256
607
-31
-536
131
316
768
507
548
-686
322
931
-349
-130
236
54
401
-301
862
-609
720
-111
-319
837
735
256
-6
-308
-178
665
-338
-485
48
-75
-16
-718
-931
-216
-631
929
229
742
-857
-895
-970
65
-937
-918
-627
915
836
-792
152
61
607
687
-172
738
416
340
28
-472
-878
688
-757
649
453
980
29
-300
-678
-87
-507
-858
-382
924
204
135
497
643
422
835
427
-517
-39
762
501
363
-144
659
-539
29
-763
326
950
259
-356
809
660
465
374
955
-454
853
-813
658
708
-963
-227
638
-989
-840
-159
-415
-503
-590
347
-420
864
-813
888
774
-441
-814
283
849
-648
-830
541
851
736
802
-27
934
950
604
-173
431
-722
-576
-391
335
-214
-260
628
-75
-213
610
-164
-637
-939
1
851
522
-38
-790
400
228
-212
-199
-515
464
951
-285
-870
542
-2
-675
956
548
547
-590
199
837
977
877
-661
-356
-807
-293
709
227
642
-846
44
-204
-882
751
-875
-848
874
-466
601
932
-885
-491
231
-947
-495
-104
308
274
-36
14
723
-423
351
-746
-844
-107
-82
-807
539
700
-583
-957
79
-530
-353
-281
-258
-661
185
154
667
-363
125
309
388
959
-1
-605
-143
-866
112
216
-854
-59
-266
-857
300
-361
-894
564
45
-619
-987
837
-9
-725
397
-327
-382
319
592
-705
99
957
-333
592
42
-168
495
405
-845
-448
984
451
-634
352
-76
-956
-71
48
634
-912
-780
801
-316
-74
788
995
74
-994
45
62
-614
616
590
686
-313
509
-467
127
-703
329
349
-874
-51
-144
-748
931
819
416
864
465
647
-437
-61
-50
371
425
-198
597
250
-830
163
-46
-148
171
-955
643
566
791
-219
-191
550
561
574
275
420
-328
305
-860
-110
-839
845
-286
-502
-413
567
379
-272
-977
932
-787
52
-729
574
715
923
-152
656
-628
-837
577
142
-396
739
-702
930
-975
528
-107
775
-294
489
219
-449
-278
-400
76
-463
733
-578
279
554
182
-279
-217
-271
919
-292
185
210
660
-560
914
322
-335
940
-119
273
679
-956
199
-750
-489
-192
-3
-992
-450
304
-433
117
759
43
110
-633
930
618
-876
-333
310
-938
-821
-967
934
81
-412
624
120
586
685
-724
343
-577
-581
492
705
-754
827
200
471
-724
120
-559
-172
-7
422
156
6
-319
-640
-669
650
-451
689
315
-783
801
-959
-862
-746
149
-985
-579
936
-249
-831
-615
744
-708
820
-263
54
145
742
-77
928
786
-254
-497
-555
-382
-128
-816
-279
-719
755
833
344
627
652
76
-984
-238
-453
-621
11
87
911
496
-506
347
-374
-308
610
-752
525
-288
-691
304
922
-941
107
37
744
868
-628
316
-135
-81
360
-423
983
233
509
846
667
914
-552
-272
795
-790
832
629
-796
-564
-130
50
-406
-460
-270
-925
-321
-417
558
-537
903
-614
38
602
806
524
-7
463
-694
508
672
332
260
199
-489
416
147
916
111
456
-82
-834
118
-553
-365
268
191
351
-448
818
-807
-164
290
-185
519
31
-931
874
456
630
-370
842
-280
206
-975
177
-649
-982
51
-586
13
-545
97
138
167
-544
-344
5
168
-953
426
804
-192
-695
724
222
-538
345
46
879
177
417
-484
435
-144
456
-881
-797
606
-578
223
-880
-569
4
250
-675
331
-728
953
321
72
807
-627
181
-760
293
696
-392
151
-348
-357
-218
-124
945
-768
8
588
9
-395
-78
28
-574
-210
585
884
488
825
-38
426
-869
841
-967
994
-976
-289
-612
-747
56
-495
-366
-964
-471
-169
882
285
271
-592
-68
325
-225
833
-270
503
31
-303
702
-683
-211
433
666
-743
-656
984
551
-447
540
519
52
493
-302
539
-594
-209
-741
604
-930
456
681
758
-524
278
919
875
-191
790
783
759
-718
425
514
496
-367
962
-853
-827
-451
-725
-802
907
921
881
983
-109
-480
-639
314
57
379
-833
831
-410
-761
-509
-739
-391
-185
173
-381
-802
-489
-395
-616
-999
662
793
-216
364
-848
287
-117
-177
-151
740
-63
87
412
-835
704
736
388
-143
400
-337
-412
888
-305
863
-428
700
-731
-17
162
-393
-176
46
-406
997
-578
25
552
397
289
886
-531
-327
874
962
-763
595
494
48
937
-472
-876
-333
-433
-30
503
-60
-111
-720
754
608
636
-136
515
658
-533
-891
179
538
119
234
-991
871
297
-588
649
400
-598
18
-53
827
-56
-601
-803
-925
-787
-69
-652
938
-623
-759
-955
216
-434
484
-987
-735
-896
-103
958
-695
-531
-70
-639
-39
-727
552
815
90
624
192
-34
757
-763
-343
694
437
762
-449
373
-592
650
-633
25
-491
-77
-888
-161
-839
-538
425
-966
489
549
211
734
-223
229
-177
736
-583
469
-977
426
-529
-427
59
701
-322
-60
871
378
-613
-836
-872
-461
-884
175
410
-366
-726
710
-176
117
-756
-365
-101
-159
207
567
63
147
425
-796
828
540
991
-6
161
-688
-155
283
-986
-85
-539
270
-396
-428
419
-202
-936
160
-717
554
856
913
-165
-566
264
305
671
548
-104
-473
496
-855
287
-960
16
-202
-886
793
-318
-709
-858
-197
-551
-850
927
-355
896
260
-999
34
-385
-981
-681
-192
-735
-226
663
-611
4
541
-695
-762
169
389
-576
-41
-477
871
99
-393
402
718
970
-180
-146
635
-600
-311
-345
67
-843
-468
-599
-211
-776
-987
1
140
244
58
961
-385
-849
999
939
619
-912
-406
-43
-294
-992
137
195
-185
345
445
145
937
-190
537
-171
190
-106
769
191
-896
891
653
-386
-431
-70
-749
-990
-750
837
-753
319
-909
78
-84
560
18
922
697
750
-775
-208
483
-325
217
-879
133
-562
-10
-785
723
-83
844
949
-763
992
431
-513
-188
527
826
988
865
283
682
-958
-367
746
-202
-853
84
98
-539
331
367
-396
-828
-56
-559
850
-112
992
419
494
496
170
49
-719
802
993
264
-444
-242
550
873
490
559
905
248
-527
664
-49
78
-242
-406
-611
87
-950
-633
70
-183
615
-655
914
231
-125
-667
-114
24
38
891
-424
429
75
-729
379
-326
-873
-656
-219
-430
771
423
-146
-859
383
856
773
-697
-70
714
-517
217
998
121
-863
66
-92
913
-113
921
43
-408
208
-255
-597
-485
684
853
960
355
125
821
-872
89
311
-767
207
934
-942
-848
-683
-632
874
-907
588
-937
-466
962
-823
974
443
421
-340
696
418
799
777
-413
-497
542
658
-423
-17
-539
207
1000
-563
-301
731
-422
134
-584
-197
552
582
651
-67
620
-631
52
-349
-539
-603
680
890
-559
88
793
285
483
-879
-568
768
444
-599
-784
502
324
-946
885
-936
-944
-364
139
573
107
806
-443
398
-425
-779
-409
609
346
118
-571
-436
-144
-729
527
-882
-854
-820
-35
-857
-833
-575
-59
588
-506
-474
895
95
963
535
-734
-614
129
926
-90
656
958
-523
-414
787
121
-662
458
786
173
810
-894
-376
472
-935
712
667
737
-237
-340
900
-396
-691
-702
-807
-17
816
11
53
-479
412
432
-193
-302
784
-213
965
-512
-209
221
-800
620
358
199
-123
496
886
-548
703
537
615
204
-226
367
-337
-307
98
458
263
-572
597
-467
171
78
-801
-941
-989
-120
371
719
-705
673
991
-665
451
596
-807
618
228
-753
222
946
509
-287
-113
680
312
880
316
598
377
538
-201
667
301
198
-938
-592
-435
-250
-584
-303
-261
529
-588
-230
322
-579
808
-283
-535
-494
-893
-165
-541
-169
938
441
572
648
-868
101
-125
-756
489
281
547
809
666
426
626
-259
-521
318
372
-133
-288
-143
916
787
-132
515
-711
695
-325
590
320
981
598
453
-489
-279
-666
994
-253
-277
-616
-684
-727
-253
-624
343
-864
-898
-652
-17
688
-435
399
-910
209
-656
-63
11
-968
67
758
-867
878
-323
-535
218
-949
-628
-79
21
-658
-232
-644
-285
610
-516
-472
-64
-315
-582
-13
990
784
-354
-394
-487
512
-138
-621
-561
-534
-1
-762
-10
342
-814
-870
-17
318
421
246
-189
390
-226
-120
-692
810
943
-20
878
-666
282
994
-117
381
-224
-260
-97
258
-238
-672
502
190
287
-21
-273
915
333
49
-134
-540
-733
-663
291
-75
-969
-748
577
682
-939
-253
263
722
952
480
704
150
-426
390
962
222
607
-249
-65
-475
-578
521
-119
-479
868
-565
221
249
490
947
-767
584
160
-413
-314
299
158
849
-790
478
-907
823
-495
-257
-708
359
-679
597
415
367
557
-436
-358
-691
75
-10
459
-174
-25
665
641
562
271
-710
775
-259
-242
-615
388
-261
506
503
-204
774
222
901
224
27
995
389
656
-909
75
-806
-845
382
-695
-786
226
762
-323
817
792
-991
-772
60
567
-183
104
323
-905
-698
661
-939
-872
-372
-205
-389
575
373
-286
-377
-717
-818
848
-49
941
-64
-884
811
-927
-353
-113
-923
-561
-600
366
-823
921
-913
-25
-268
-13
206
54
-774
755
219
565
668
-762
306
403
-197
-79
-358
975
-319
749
818
-973
-706
879
180
249
-913
59
59
-159
216
516
652
242
664
392
-22
-277
673
821
290
602
734
26
872
89
-221
-434
-801
95
516
793
-791
479
685
-20
-987
-627
-294
327
-965
543
-977
-172
804
-874
569
-545
-245
557
826
-650
994
647
-381
44
-711
743
-122
546
767
-716
-462
822
615
248
59
-54
274
692
866
-88
945
399
-652
-890
434
-523
-508
-66
631
-222
440
-357
310
277
-246
-927
-106
533
317
-464
185
-258
-20
-900
-939
-16
156
978
145
836
-234
-233
38
969
1
904
-949
148
531
-597
946
393
-494
522
165
393
804
704
8
725
-849
952
623
-971
233
918
224
118
841
-649
-266
-847
969
-511
-561
-768
999
834
856
223
733
-823
173
650
792
916
-759
-6
-541
359
311
472
617
460
-799
210
-278
727
-557
819
-859
-833
623
-159
645
459
419
-323
571
76
-850
544
-284
508
-877
-671
75
-392
-449
286
840
205
804
-26
261
422
-919
-376
-384
677
747
665
756
755
-670
-321
282
496
989
-957
-574
709
481
-361
588
-426
-885
-473
-506
-631
-937
768
386
-144
-778
803
438
-709
-876
-33
139
34
810
954
961
954
-473
-298
764
-626
596
564
932
-549
889
458
-511
-932
-181
-287
-243
671
995
122
-640
-757
795
-225
-944
-847
-75
15
-862
-998
-199
-62
-451
-147
566
925
633
-835
62
703
288
859
-644
-558
-135
212
-781
121
-462
357
-48
-141
318
-148
572
-327
365
-248
-912
220
-931
-325
673
448
-293
-727
829
160
-854
-596
994
-311
258
-908
-435
621
702
-452
584
-561
221
351
454
563
-912
-708
294
107
873
-798
-632
-185
-327
920
555
600
840
-157
-485
-510
-374
-510
-907
407
329
80
-760
741
-62
55
-863
-293
726
716
-855
743
-149
577
-723
448
112
136
-522
815
-847
-395
-875
-721
490
-227
976
-705
-912
220
667
-800
649
-320
521
760
-917
-758
821
-537
830
-998
689
-865
388
-20
638
433
-695
184
60
608
849
-117
296
203
658
-856
-710
-142
-687
-889
-479
-358
798
509
-304
539
-340
-579
367
-181
267
-183
106
341
124
-596
469
-671
364
513
717
-573
-698
107
-786
455
399
-898
282
-557
-404
294
-114
-735
34
857
915
439
-689
-188
-73
833
-855
-420
-358
11
729
-802
588
-712
-683
-212
-70
-728
27
-86
-696
887
116
-545
-177
446
533
783
367
-248
158
-595
-472
420
209
46
-566
46
314
368
578
-137
520
-124
107
-133
-846
-213
-648
288
411
-247
-387
416
119
753
459
135
37
69
492
-296
374
655
-579
-751
-533
-123
-139
-323
961
539
311
730
-17
373
598
228
659
-938
566
851
849
588
-679
-807
-646
-726
-646
799
128
-804
-73
469
392
883
-652
-7
-140
569
-366
-159
-667
914
480
934
897
4
-73
983
65
-343
-627
509
-937
844
-72
289
-243
-291
-892
131
72
-903
129
44
-537
-174
-751
574
47
-422
954
-787
-274
-872
-992
625
-696
-457
-807
-907
-190
-879
239
-760
-391
301
449
-854
-233
-906
-572
-135
369
-564
289
-434
-668
918
52
-302
250
-723
-971
608
991
-170
681
866
-706
-691
120
-798
637
612
-154
-793
620
95
-398
-969
965
-402
-637
420
-572
-748
980
-746
464
-863
732
-735
406
200
-981
-889
426
-232
757
-187
-881
-800
909
-228
-988
991
702
476
-70
338
422
-114
-421
-907
768
-888
-174
925
-377
-553
-973
896
701
97
848
523
624
307
300
380
-546
-721
841
-589
-484
756
-260
-222
867
-376
711
-42
-781
623
-624
62
294
-248
873
120
383
-809
-386
173
656
-133
-872
-183
790
-646
365
521
857
184
720
638
-500
563
-800
-115
367
887
744
97
-206
-354
106
933
-164
362
778
875
361
-527
-383
-176
697
911
-730
506
-708
746
818
-545
106
912
321
474
120
886
-583
141
693
296
-502
-928
-531
-101
-686
-69
446
-348
426
648
535
-178
-507
395
-965
-796
-377
-682
-878
703
-640
380
615
223
521
763
-698
-869
12
745
319
-398
-432
27
-745
-188
761
-702
200
-456
995
-926
-54
-656
871
-314
-433
-929
474
-304
-648
55
-134
356
445
366
-763
939
-388
923
859
923
-104
-55
356
504
-829
68
721
-772
-37
-645
381
-977
378
-344
-169
452
928
131
246
770
-718
-961
944
389
-984
-254
-657
-660
-914
-714
636
-657
-391
-401
158
878
798
336
-956
502
-993
-587
191
620
478
-319
801
860
708
-854
794
191
682
-739
-402
210
-181
-806
-146
-423
-346
958
-668
-281
573
426
818
282
-151
836
-424
81
-811
-670
825
525
-518
-301
819
-213
-76
-351
-350
-791
960
579
953
-174
147
-426
693
-713
-860
177
997
-487
725
31
846
925
-126
-499
-485
840
674
164
-766
207
-254
232
465
-189
-500
738
675
252
301
756
-986
-720
255
-895
498
983
171
674
663
-210
-470
-906
-114
-76
-352
-702
-296
859
-981
-337
675
475
813
31
-307
573
-920
444
-895
790
790
-801
-274
-706
99
-235
-961
-899
-339
25
-180
257
-624
124
-277
852
-245
165
474
-549
772
-437
631
-280
173
860
865
-315
351
-413
632
-473
-66
-266
-61
-879
-1
-990
768
963
-646
126
-915
-926
606
-380
-900
-163
454
-412
207
-47
-931
676
409
-868
939
381
-765
-220
677
327
-763
-696
505
973
-171
-864
-845
-603
-179
-427
-942
-265
-805
777
566
-342
915
94
-858
-731
179
600
-247
-827
-511
-837
-610
456
27
-324
-942
98
353
-138
-476
-19
196
-653
547
-270
202
-508
-600
201
345
-255
264
73
-313
-581
-243
544
-177
-688
-596
-456
-199
762
-205
-357
72
863
226
-406
425
-164
544
621
621
-558
-890
-344
-464
665
211
-909
-144
-38
669
669
-832
-346
-204
875
-708
311
-560
-649
-993
876
-144
-958
311
739
-51
-399
212
-912
404
719
264
155
512
223
167
-497
983
-5
-648
914
-367
593
222
44
-609
148
159
688
73
514
-652
-61
-519
-328
818
71
938
653
156
7
358
-763
-446
-584
725
74
-365
-231
184
-705
414
-220
312
326
180
-818
23
93
-374
-116
712
-456
27
-603
-612
-826
-614
697
269
917
-348
-565
-445
-776
333
-776
-478
724
430
-9
662
-400
-919
-502
-732
644
292
-689
266
39
563
393
-343
-764
-92
349
-974
747
263
-435
997
52
255
453
-352
425
-819
148
-933
528
-927
-950
-212
-394
607
461
-664
913
-524
-388
927
-540
-964
-662
-150
-788
151
-375
-431
204
