271
-807
717
959
-793
998
932
-962
524
886
366
-957
-762
-257
484
140
-82
-171
738
83
177
-359
476
167
371
151
982
128
-514
173
88
395
-463
201
-325
-792
-293
404
-988
518
223
524
-336
-216
-348
397
-671
-764
-748
-287
902
-919
-197
675
-28
430
447
-624
-781
-655
-14
518
-566
368
681
-37
827
-282
-871
946
-901
862
-830
-341
264
113
-512
-999
917
486
705
295
553
730
2
38
-731
-907
145
-144
-673
-856
127
-695
484
-923
-169
-693
230
726
-646
539
778
971
-424
-873
-204
331
880
-685
-8
764
-35
-686
-655
987
-494
-251
193
737
311
408
887
-642
-576
-839
307
925
-745
-479
920
-143
916
141
-373
627
-771
-512
742
-416
295
522
927
-44
961
-109
-343
-483
226
172
-741
859
-382
-317
61
-492
-979
-305
-271
-696
387
-119
-832
-701
348
97
-263
567
999
797
-295
586
-893
-245
250
-267
305
220
23
56
384
549
-299
975
785
435
959
-86
-1
865
890
-940
-524
251
-339
-543
-717
-235
21
-342
-219
746
381
-190
-916
-467
-381
446
861
-989
150
-715
-382
663
872
-350
-603
823
330
151
76
-504
4
465
769
130
-952
228
825
167
-989
-456
-409
-420
-778
-116
-890
871
66
-760
644
-758
-921
-70
69
676
13
37
-386
523
-850
-839
-880
-87
-84
402
707
-297
217
584
409
64
-591
770
858
964
696
936
131
-54
244
-905
-139
894
242
614
-764
-503
-172
611
916
-264
-662
-451
-628
-111
337
306
715
632
-400
-22
-185
81
-148
-505
-219
670
74
82
-547
912
-328
536
167
531
-807
234
983
532
-238
38
-970
422
-791
-592
603
-952
892
-722
-466
-282
860
1000
-891
-722
280
327
253
320
227
468
-946
9
694
-457
-99
-62
-570
359
104
943
-509
548
-153
123
-863
850
600
-236
336
-833
676
64
260
191
-154
26
-703
-494
288
-1000
11
-259
-56
471
-665
533
864
-622
736
-968
245
970
-421
-224
-429
-216
-218
867
-332
-721
642
994
-76
850
944
533
181
950
-606
930
582
243
169
-175
-16
966
737
-512
767
-525
-583
273
-659
-668
-615
912
-678
854
-197
-877
-227
-315
-965
523
55
-961
-888
672
-361
921
646
380
438
-70
407
253
-614
710
-985
-389
680
400
663
810
-445
10
-963
-578
-476
-38
-54
-913
581
916
-959
-906
-709
-187
219
-769
320
167
285
-387
-927
-674
-725
616
-572
-742
367
-698
321
986
-658
-463
623
-75
-599
403
-752
919
-388
-251
-365
-630
372
-811
692
458
-980
906
-906
-431
823
-477
-333
-149
-554
-36
-642
76
321
117
-45
-292
-328
38
358
638
329
-93
103
16
-468
-872
851
741
-532
-603
-657
-248
-199
-844
959
842
437
989
-717
-103
692
-962
-825
354
-212
-836
567
817
352
793
860
-346
-531
-313
-431
-301
-710
-111
456
-590
502
-649
-891
-414
229
467
-248
-25
-911
180
-817
-102
-492
656
947
472
-566
89
133
-396
285
-238
350
238
-511
664
646
791
-872
-85
-376
-248
942
-937
-754
847
-151
956
375
-40
746
-925
740
794
-292
-509
-250
-499
624
351
-339
459
688
-833
-75
-19
965
476
-756
627
-970
161
-513
-866
-761
430
311
18
-248
760
-59
559
-660
951
-210
-180
634
734
-568
119
547
-584
-535
-615
-126
545
840
-299
971
-659
-318
-168
856
-471
-161
-125
492
-371
231
466
-986
-31
365
-812
-863
-291
294
-720
-937
284
142
385
397
-484
358
213
-316
948
-431
191
198
-788
394
2
-563
-652
-68
805
379
-210
-95
-544
-911
106
-203
130
460
-22
-207
881
490
-675
58
449
734
-734
-74
-992
-16
-16
-937
-632
-637
997
-855
-614
-51
-710
-84
-122
-917
-916
831
751
-844
149
-141
-3
-107
-537
-848
762
663
-573
875
-107
-652
-999
948
377
-152
353
262
682
161
-310
731
700
959
-989
-10
-177
859
-697
382
-562
600
582
342
-992
-416
221
-992
-246
-310
-44
-987
-581
-650
353
-116
-371
-90
195
-887
-69
252
930
-434
6
-387
-733
0
715
322
-391
-451
209
-721
-221
707
993
17
719
-930
368
-651
110
-447
108
418
-872
133
-638
-185
-847
522
745
766
18
817
-752
12
-75
-357
143
-443
431
878
109
301
-400
978
71
-357
-64
416
547
713
-414
334
-514
249
743
793
695
-898
520
398
151
916
-659
116
-732
731
124
451
72
-122
-610
-690
634
555
376
-296
776
-458
-473
392
849
-419
42
-431
-153
94
-941
132
-992
720
575
-440
652
365
-360
438
443
-500
-609
-789
973
635
467
408
374
-835
59
136
838
686
-429
39
-207
426
557
588
820
114
402
-128
-124
-453
-465
-499
-324
30
-316
151
254
-751
245
999
-396
-349
-244
-909
-235
794
74
-134
-188
-464
-918
-250
776
209
481
878
-584
-444
990
72
-990
447
18
-451
-36
-144
-64
-821
-542
-342
18
731
-163
256
530
762
255
647
578
189
-105
-871
-454
903
813
626
361
938
-595
-429
-529
812
324
23
-489
41
570
-989
-627
619
-166
-796
-906
804
408
625
301
-806
-88
-711
-55
73
646
-191
-432
-359
238
-46
15
274
57
725
-630
-808
-792
-654
-293
-539
48
-756
-546
-899
-687
-513
-49
83
778
343
-723
-77
-740
874
-659
-761
-985
650
-827
1
